a 0 0 18 22
b 18 0 18 22
c 36 0 18 22
d 54 0 18 22
e 72 0 18 22
f 90 0 18 22
g 108 0 18 22
h 126 0 18 22
i 144 0 18 22
j 162 0 18 22
k 180 0 18 22
l 198 0 18 22
m 216 0 18 22
n 0 22 18 22
o 18 22 18 22
p 36 22 18 22
q 54 22 18 26
r 72 22 18 22
s 90 22 18 22
t 108 22 18 22
u 126 22 18 22
v 143 22 18 22
w 161 22 18 22
x 180 22 18 22
y 198 22 18 22
z 216 22 18 22
space 234 22 12 22
tank 0 48 64 40
turret 65 49 64 30
grass 130 45 64 64
crater 192 44 64 64
error 0 88 64 64